


1    860744                                       MAY 2023                    



    60400        0       0       18730   60400       25368      10872   1215          300       5253      2573        0          0



    5112       0         0                  0           0           0                     0              



     41000         0             0          /                     60          0    5500          0       /            0        /   



         0       /          0         /       1396       0       0              0       5       0                    60          



         0                   0             0         Hlth.EDU.CESS:    220HSEDU.CESS:                                            


                                                                                                   Rs     439396
 Rs109578          Rs 46780              Rs  1461             Rs 62798     Rs 61337                 
                                                                                                   










2    860839                                        MAY 2023                       



    60400        0       0       18180   60400       25368      10872   1300          600       5575      5146        0          0



    5112       0         0                  0           0           0                     0              



     20000         0             0          /                     60          0    5500          0       /            0        /   



         0       /          0         /        500       0       0              0       5       0                                



         0                   0             0         Hlth.EDU.CESS:    220HSEDU.CESS:                                            


                                                                                                   Rs     441599
 Rs112473          Rs 25780              Rs   505             Rs 86693     Rs 86188                
                                                                                                   










3    860854                                       MAY 2023    



    37600        0       0       10790   37600       15792      6768     945          300       2603      1602        0          0



    5112       0         0                  0           0           0                     0              



         0         0             0          /                     60          0       0          0       /            0        /   



         0       /          0         /      12512       0       0              0       5       0                    38          



      5339                   0          7475         Hlth.EDU.CESS:       HSEDU.CESS:                                            


                                                                                                   Rs     284244
 Rs 69477          Rs  5399              Rs 12555             Rs 64078     Rs 51523                 
                                                                                             










4    860856                                MAY 2023                   



    60400        0       0       18180   60400       25368      10872   1300          600       5575      5146        0          0



    5112       0         0                  0           0           0                     0              



     40000         0             0          /                     60          0    6500          0       /            0        /   



         0       /          0         /       2000       0       0     2042     0       5       0                    60          



         0                   0             0         Hlth.EDU.CESS:    260HSEDU.CESS:                                            


                                                                                                   Rs     447303
 Rs112473          Rs 46820              Rs  4107             Rs 65653     Rs 61546                 
                                                                                                   










5    860865                            MAY 2023                  



    60400        0       0       0       60400       25368      10872   1249          548       5493      4975        0          0



    5112       0         0                  0           0           0                     0              



     30000         0             0          /                     60          0    7000          0       /            0        /   



         0       /          0         /      14000       0       0              0       5       0                    60          



         0                   0             0         Hlth.EDU.CESS:    280HSEDU.CESS:                                            


                                                                                                   Rs     453862
 Rs112220          Rs 37340              Rs 14065             Rs 74880     Rs 60815                 
                                                                                                   










